  z(km)    p(hPa)   T(K)
  108.0  0.566E-04 261.00  0.157E+13 31.007
  106.0  0.755E-04 236.00  0.232E+13 36.442
  104.0  0.101E-03 219.00  0.334E+13 17.511
  102.0  0.134E-03 210.00  0.462E+13  9.211
  100.0  0.179E-03 203.00  0.639E+13  5.082
   98.4  0.239E-03 199.00  0.870E+13  2.938
   96.8  0.318E-03 194.00  0.119E+14  1.661
   95.2  0.424E-03 191.00  0.161E+14  0.967
   93.6  0.566E-03 188.00  0.218E+14  0.558
   92.0  0.754E-03 186.00  0.294E+14  0.332
   90.5  0.101E-02 184.00  0.397E+14  0.198
   88.9  0.134E-02 184.00  0.527E+14  0.119
   87.4  0.179E-02 184.00  0.704E+14  0.072
   85.9  0.238E-02 184.00  0.937E+14  0.046
   84.3  0.318E-02 184.00  0.125E+15  0.038
   82.8  0.424E-02 187.00  0.164E+15  0.049
   81.2  0.565E-02 190.00  0.215E+15  0.098
   79.6  0.753E-02 194.00  0.281E+15  0.113
   77.9  0.100E-01 200.00  0.362E+15  0.091
   76.2  0.134E-01 203.00  0.478E+15  0.095
   74.5  0.179E-01 206.00  0.629E+15  0.083
   72.8  0.238E-01 207.00  0.833E+15  0.045
   71.1  0.318E-01 209.00  0.110E+16  0.019
   69.3  0.423E-01 211.00  0.145E+16  0.006
   67.5  0.564E-01 215.00  0.190E+16  0.002
   65.7  0.752E-01 219.00  0.249E+16  0.000
   63.9  0.100E+00 224.00  0.323E+16  0.000
   62.0  0.134E+00 230.00  0.422E+16  0.000
   60.0  0.178E+00 236.00  0.546E+16  0.000
   58.0  0.238E+00 245.00  0.703E+16  0.000
   55.9  0.317E+00 252.00  0.911E+16  0.000
   53.8  0.423E+00 258.00  0.119E+17  0.000
   51.6  0.564E+00 266.00  0.154E+17  0.000
   49.4  0.752E+00 269.00  0.202E+17  0.000
   47.1  0.100E+01 270.00  0.268E+17  0.000
   44.9  0.134E+01 267.00  0.363E+17  0.000
   42.7  0.178E+01 261.00  0.494E+17  0.000
   40.5  0.238E+01 255.00  0.676E+17  0.000
   38.4  0.317E+01 249.00  0.922E+17  0.000
   36.4  0.422E+01 244.00  0.125E+18  0.000
   34.3  0.563E+01 238.00  0.171E+18  0.000
   32.4  0.751E+01 232.00  0.234E+18  0.000
   30.5  0.100E+02 229.00  0.316E+18  0.000
   28.6  0.134E+02 226.00  0.426E+18  0.000
   26.7  0.178E+02 222.00  0.581E+18  0.000
   24.8  0.237E+02 217.00  0.791E+18  0.000
   23.0  0.316E+02 214.00  0.107E+19  0.000
   21.3  0.422E+02 211.00  0.145E+19  0.000
   19.5  0.563E+02 210.00  0.194E+19  0.000
   17.8  0.750E+02 210.00  0.259E+19  0.000
   16.0  0.100E+03 210.00  0.345E+19  0.000
**
 O2(1-DELTA) VALUES
  z(km)    p(hPa)                                                         O2(1-delta)
  108.0  0.566E-04 0.7276E+06 0.2999E+05 0.2333E+08 0.1625E+06 0.8264E+06 0.2508E+08 0.2711E+02
  106.0  0.755E-04 0.9460E+06 0.5042E+05 0.3600E+08 0.3113E+06 0.1561E+07 0.3887E+08 0.2672E+02
  104.0  0.101E-03 0.2803E+07 0.1850E+06 0.5177E+08 0.5590E+06 0.2762E+07 0.5808E+08 0.2632E+02
  102.0  0.134E-03 0.6890E+07 0.5354E+06 0.6747E+08 0.9210E+06 0.4463E+07 0.8028E+08 0.2600E+02
  100.0  0.179E-03 0.1554E+08 0.1391E+07 0.8458E+08 0.1484E+07 0.7049E+07 0.1101E+09 0.2575E+02
   98.4  0.239E-03 0.3161E+08 0.3170E+07 0.9986E+08 0.2299E+07 0.1073E+08 0.1477E+09 0.2563E+02
   96.8  0.318E-03 0.6347E+08 0.7046E+07 0.1136E+09 0.3512E+07 0.1621E+08 0.2038E+09 0.2561E+02
   95.2  0.424E-03 0.1184E+09 0.1437E+08 0.1232E+09 0.5265E+07 0.2410E+08 0.2853E+09 0.2573E+02
   93.6  0.566E-03 0.2159E+09 0.2857E+08 0.1285E+09 0.7833E+07 0.3586E+08 0.4166E+09 0.2596E+02
   92.0  0.754E-03 0.3642E+09 0.5233E+08 0.1269E+09 0.1150E+08 0.5292E+08 0.6079E+09 0.2633E+02
   90.5  0.101E-02 0.5879E+09 0.9187E+08 0.1177E+09 0.1692E+08 0.7884E+08 0.8932E+09 0.2681E+02
   88.9  0.134E-02 0.8651E+09 0.1460E+09 0.9611E+08 0.2415E+08 0.1146E+09 0.1246E+10 0.2743E+02
   87.4  0.179E-02 0.1202E+10 0.2196E+09 0.6785E+08 0.3423E+08 0.1675E+09 0.1692E+10 0.2804E+02
   85.9  0.238E-02 0.1550E+10 0.3046E+09 0.3817E+08 0.4737E+08 0.2415E+09 0.2182E+10 0.2857E+02
   84.3  0.318E-02 0.1752E+10 0.3683E+09 0.1592E+08 0.6403E+08 0.3459E+09 0.2546E+10 0.2896E+02
   82.8  0.424E-02 0.1431E+10 0.3185E+09 0.4333E+07 0.8190E+08 0.4767E+09 0.2313E+10 0.2912E+02
   81.2  0.565E-02 0.8255E+09 0.1930E+09 0.6804E+06 0.9937E+08 0.6384E+09 0.1757E+10 0.2867E+02
   79.6  0.753E-02 0.7942E+09 0.1936E+09 0.5140E+05 0.1115E+09 0.8214E+09 0.1921E+10 0.2746E+02
   77.9  0.100E-01 0.1016E+10 0.2562E+09 0.1503E+04 0.1156E+09 0.1016E+10 0.2404E+10 0.2583E+02
   76.2  0.134E-01 0.9417E+09 0.2441E+09 0.1298E+02 0.1123E+09 0.1260E+10 0.2558E+10 0.2386E+02
   74.5  0.179E-01 0.9283E+09 0.2460E+09 0.2124E-01 0.9758E+08 0.1518E+10 0.2789E+10 0.2160E+02
   72.8  0.238E-01 0.1309E+10 0.3523E+09 0.3874E-05 0.7505E+08 0.1794E+10 0.3530E+10 0.1918E+02
   71.1  0.318E-01 0.2027E+10 0.5531E+09 0.3774E-10 0.4848E+08 0.2059E+10 0.4688E+10 0.1666E+02
   69.3  0.423E-01 0.3223E+10 0.8884E+09 0.0000E+00 0.2521E+08 0.2305E+10 0.6442E+10 0.1416E+02
   67.5  0.564E-01 0.4894E+10 0.1361E+10 0.0000E+00 0.9840E+07 0.2494E+10 0.8759E+10 0.1180E+02
   65.7  0.752E-01 0.7224E+10 0.2025E+10 0.0000E+00 0.2682E+07 0.2638E+10 0.1189E+11 0.9649E+01
   63.9  0.100E+00 0.9984E+10 0.2818E+10 0.0000E+00 0.4522E+06 0.2717E+10 0.1552E+11 0.7795E+01
   62.0  0.134E+00 0.1338E+11 0.3800E+10 0.0000E+00 0.4097E+05 0.2739E+10 0.1992E+11 0.6170E+01
   60.0  0.178E+00 0.1469E+11 0.4195E+10 0.0000E+00 0.1637E+04 0.2709E+10 0.2160E+11 0.4864E+01
   58.0  0.238E+00 0.1861E+11 0.5347E+10 0.0000E+00 0.2191E+02 0.2610E+10 0.2657E+11 0.3784E+01
   55.9  0.317E+00 0.2320E+11 0.6696E+10 0.0000E+00 0.7078E-01 0.2492E+10 0.3239E+11 0.2930E+01
   53.8  0.423E+00 0.2839E+11 0.8224E+10 0.0000E+00 0.3389E-04 0.2352E+10 0.3896E+11 0.2251E+01
   51.6  0.564E+00 0.3324E+11 0.9670E+10 0.0000E+00 0.1290E-08 0.2170E+10 0.4508E+11 0.1725E+01
   49.4  0.752E+00 0.4136E+11 0.1205E+11 0.0000E+00 0.0000E+00 0.1999E+10 0.5542E+11 0.1313E+01
   47.1  0.100E+01 0.5320E+11 0.1552E+11 0.0000E+00 0.0000E+00 0.1806E+10 0.7053E+11 0.9971E+00
   44.9  0.134E+01 0.7194E+11 0.2097E+11 0.0000E+00 0.0000E+00 0.1605E+10 0.9452E+11 0.7476E+00
   42.7  0.178E+01 0.1008E+12 0.2932E+11 0.0000E+00 0.0000E+00 0.1388E+10 0.1315E+12 0.5630E+00
   40.5  0.238E+01 0.1321E+12 0.3832E+11 0.0000E+00 0.0000E+00 0.1151E+10 0.1715E+12 0.4209E+00
   38.4  0.317E+01 0.1613E+12 0.4670E+11 0.0000E+00 0.0000E+00 0.9160E+09 0.2090E+12 0.3156E+00
   36.4  0.422E+01 0.1867E+12 0.5391E+11 0.0000E+00 0.0000E+00 0.7021E+09 0.2413E+12 0.2369E+00
   34.3  0.563E+01 0.2128E+12 0.6130E+11 0.0000E+00 0.0000E+00 0.5292E+09 0.2747E+12 0.1772E+00
   32.4  0.751E+01 0.2370E+12 0.6804E+11 0.0000E+00 0.0000E+00 0.3975E+09 0.3054E+12 0.1326E+00
   30.5  0.100E+02 0.2472E+12 0.7086E+11 0.0000E+00 0.0000E+00 0.3002E+09 0.3183E+12 0.9958E-01
   28.6  0.134E+02 0.2427E+12 0.6947E+11 0.0000E+00 0.0000E+00 0.2365E+09 0.3125E+12 0.7484E-01
   26.7  0.178E+02 0.2097E+12 0.5988E+11 0.0000E+00 0.0000E+00 0.2034E+09 0.2698E+12 0.5588E-01
   24.8  0.237E+02 0.1417E+12 0.4035E+11 0.0000E+00 0.0000E+00 0.1886E+09 0.1822E+12 0.4193E-01
   23.0  0.316E+02 0.8613E+11 0.2448E+11 0.0000E+00 0.0000E+00 0.1848E+09 0.1108E+12 0.3144E-01
   21.3  0.422E+02 0.5126E+11 0.1454E+11 0.0000E+00 0.0000E+00 0.1920E+09 0.6599E+11 0.2354E-01
   19.5  0.563E+02 0.3043E+11 0.8626E+10 0.0000E+00 0.0000E+00 0.2028E+09 0.3926E+11 0.1768E-01
   17.8  0.750E+02 0.1671E+11 0.4737E+10 0.0000E+00 0.0000E+00 0.2135E+09 0.2166E+11 0.1325E-01
   16.0  0.100E+03 0.5340E+10 0.1514E+10 0.0000E+00 0.0000E+00 0.2214E+09 0.7074E+10 0.9937E-02
 DATA FOR STANDARD ATMOSPHERE: NHWINT.DAY;13       
 PHOTOLYSIS FILE: JO2.DAT;13          
   9-FEB-93 
     Data from program SO21DT.FOR
